172496
221208
221209
221210
221211
221212
221213
221214
221215
221216
221217
221218
221219
221220
221221
221222
221223
221224
221225
221226
221227
221228
221229
221230
221231
221232
221233
221234
221235
221236
221237
221238
221239
221240
221241
221242
221243
221244
221245
221246
221247
221248
221249
221250
221251
221252
221253
221254
221255
221256
221257
221258
221259
221260
221261
221262
221263
221264
221265
221266
221267
221268
221269
221270
221271
221272
221273
221274
221275
221276
221277
221278
221279
221280
221281
221282
221283
221284
221285
221286
221287
221288
221289
221290
221291
221292
221293
221294
221295
221296
221297
221298
221299
221300
221301
221302
221303
221304
221305
221306
221307
221308
221309
221310
221311
221312
221313
221314
221315
221316
221317
221318
221319
221320
221321
221322
221323
221324
221325
221326
221327
221328
221329
221330
221331
221332
221333
